11169
-7413
-2310
25517
3588
-6956
28959
248
63039
-6398
-3100
98249
-52517
49017
7166
-43717
385
8680
-250
-19217
32979
15459
-2102
57929
-6113
44859
89617
-8485
54279
21219
725
-47417
82349
1997
1319
29499
91017
87239
-3613
91517
-956
2266
-7028
-5877
45879
74649
19369
-52017
5680
8027
77117
68939
6032
-25217
5796
-7896
-1275
13649
-9556
866
7569
75
12079
63379
38149
-5479
62069
9718
99559
71949
98789
-1302
-3039
71117
6509
-5072
-1937
8636
62649
4186
4854
-83417
37859
35217
-4556
-315
-23417
-6542
-14117
4219
6678
9936
-4520
76689
85779
-6681
-2265
7113
246
73717
61549
2224
2638
-5553
55379
76817
15119
-6817
-90317
26017
-10217
-5124
-3050
44569
-75817
8263
33689
53617
60069
98829
98679
26069
19249
4356
69749
-62217
79729
-80717
54509
3913
24559
5720
85
-22217
-8107
8309
906
41749
5038
-9798
-89017
-8151
-66117
57489
9567
84717
48579
16669
88299
-4215
72809
-125
47089
-1612
-4495
83617
-1162
7207
91417
-9736
12317
-1112
6420
8604
-4314
79429
-59817
-7615
2494
-7484
-1246
6247
2799
9658
94517
-3267
60539
2741
4134
-5357
-19117
71109
-475
-2796
-85717
31169
91389
-7499
8670
-5468
55
-6977
6173
3117
52017
12859
-64217
2513
-6270
19317
-6354
7179
39417
61179
-7801
96369
97029
-64917
258
84099
3670
4524
-6721
834
5724
-717
71589
41959
33317
-8868
7534
46517
62917
445
8266
-7600
47299
19319
-93117
5166
-9488
-1738
-461
80117
-33817
23459
-87617
-3779
5228
2120
-1892
76269
88049
86369
83917
15
13969
5667
73609
99019
82379
-3480
25119
-51617
1743
-2182
74317
1451
94917
3879
7623
5307
-55317
96917
45549
8413
42849
89929
4250
6112
35959
64419
-3139
-6747
-4067
55349
62929
65189
-25
-430
6797
-9401
68829
93729
-5034
-1803
99679
-72717
71059
60509
-73217
-9376
382
-5458
1166
-55617
-453
-3077
46859
41139
2591
17559
13909
-40117
-1106
13289
8539
-1576
-213
4512
8710
78179
-5365
46317
79669
55449
-3260
-9573
8093
24909
-1994
4644
-5882
-20717
7062
9564
38499
-66817
-2444
-2391
26589
-2662
57829
55639
5470
-5806
-9974
5221
31217
41179
-67917
17019
-7504
94539
50017
9613
4020
72099
-7120
-6900
41249
78117
-41
67009
84669
-18717
-4150
99817
52317
62639
-4951
83399
8279
66879
-8641
8708
73379
-5562
15617
-6612
464
22819
-7245
94119
96859
81089
-9812
59679
88089
46689
-8568
76679
-66017
88217
14909
80169
37317
927
56017
8362
97217
80217
-6544
91569
3820
74929
-6393
45217
-4454
34239
3554
9539
30249
67239
61017
53729
-8860
-25317
2988
45589
3489
58417
53259
-973
7777
35889
-9676
6103
8586
-16517
6999
17729
15017
32939
71469
3233
40999
442
87119
-6440
89517
27459
16619
80479
-2260
-67617
-3456
-6463
96569
1356
-2160
-9949
6462
-6396
66559
73217
75569
28909
15417
50629
87249
85689
-65317
235
24449
21117
14499
-4805
35799
9665
92917
92279
17039
-970
-7292
-85317
49117
18817
47989
9537
29779
43409
-5812
-413
12759
9747
47249
7548
-8495
1043
-70317
-51417
30339
45809
-1260
51799
4879
2244
8281
8143
52679
-7446
-49917
36139
84769
9909
-492
57617
54699
5544
-15717
9037
85389
34209
3237
996
49917
85759
672
-63617
-9712
2026
6412
65209
-5376
8256
1531
18589
6105
-52617
33839
2578
-31917
11317
-7790
9950
19079
2884
69319
9817
-75917
-6674
951
41799
-2277
54619
3213
27017
-6723
35099
86617
-6749
44279
95819
-62717
-5741
8669
-88617
-4317
-9077
4060
97059
2955
27959
-8912
47017
-1428
8222
5275
-5163
-649
-4907
-7046
72029
1834
-5733
35519
-30117
6629
95217
8907
94719
87359
92329
27117
-3854
39017
-841
525
8258
2171
7759
78017
6217
-62617
26759
-4853
2887
60359
63399
6859
-10517
23979
73689
3727
75517
2354
-42617
63617
11799
75619
84639
52239
3455
68339
-2946
63739
17509
90679
7947
6753
-24517
-286
-7101
27159
-31817
40129
1039
73079
7828
4731
1483
-904
86269
-5135
8229
3257
-32517
8144
-32617
4456
2108
-5993
51679
-5949
-88717
-192
-3323
2194
47129
-14417
-2980
-5710
85329
145
68849
85519
-8933
34817
72979
-28217
2822
5759
34017
4057
-4176
-9198
422
-3055
-84717
-86417
-1107
2507
67217
-21817
65549
80539
65417
33059
-3948
-628
-9743
94029
-4563
-7315
-7307
55779
71909
-7215
8020
92869
8553
-10617
-9312
84139
7032
-7743
88629
-16617
8481
-845
-6804
9260
4091
-320
-3204
40217
3402
5664
51417
97069
64239
57619
59749
-7105
71269
-22917
62419
5929
31569
84979
40029
78329
34917
362
5349
4168
-9801
55669
-12617
-1354
301
8858
9992
11409
24049
11639
3465
31019
-9294
-6485
9559
34879
92199
84659
6316
58049
40459
-5612
-3211
14599
-183
-679
-8113
-2217
98369
85799
90859
26869
12179
30449
-8519
7647
4096
335
7740
7447
-56317
99509
3793
92579
6299
9002
-56417
33609
-4275
82529
74917
-3698
8394
94919
78089
-4521
2119
57417
-325
38017
12849
84117
7154
-5152
13617
-1141
8477
8614
-82417
-77417
9872
63689
7245
-80617
-6443
-6618
-77317
72909
7438
-9591
4310
93559
-9958
-5126
8980
3637
90059
97789
15539
61189
93889
3866
2499
21549
51999
-64017
78759
10917
40439
-230
50717
6279
-752
111
46269
7672
-12717
24949
2040
30317
82849
-8115
-9524
13329
50317
9542
-96417
-2156
64029
26169
14017
-2140
8993
5877
-67217
61217
3770
-37617
33759
-542
4009
3574
-5698
1767
-7058
37959
18959
71419
43989
83319
52919
64799
-6573
-516
84369
99617
1188
97429
29949
61117
80389
24149
7305
86917
-98517
-2029
82429
45239
8969
195
-4833
-5832
-76917
31059
-3269
82739
-954
49109
22929
22099
58879
-780
1640
4213
11489
9133
29709
-7086
19399
17649
10459
-32717
-3415
-385
64817
66249
5480
45049
802
19729
-1870
9790
7085
20819
174
92839
-32117
-7913
46719
-91017
6070
-8222
86559
-9691
-7060
8187
2750
92189
97969
57059
41659
9284
-9566
-2606
2395
85059
752
-6979
-62317
96529
8430
4397
9358
-7253
14709
99649
-5381
-60
42517
47809
-9462
-95017
52249
14939
58219
79969
-47017
77789
18939
6605
-6938
1342
62709
17669
-8413
-8888
42749
92679
91559
2034
81817
6190
-6419
-90617
34489
152
11817
33979
94949
32017
5849
29149
2092
37849
9173
-9838
-8512
3109
3445
30079
-5025
2189
1665
70549
-3563
7122
34699
44717
-40217
-1136
5643
-4279
2650
5046
54649
2427
53159
43317
-6055
260
-41617
78529
-1661
88019
-5100
-65517
146
-8925
61319
75679
-686
79599
82609
20099
-9613
66217
46789
9764
-9309
2409
7967
4406
-7694
69819
-8061
-13617
4703
35749
-96117
36509
-3201
14969
20799
3083
42199
-13217
7669
8833
3583
16017
51769
-44517
54709
65759
-6668
-84117
-594
9548
9350
-9557
51049
5044
41399
70299
68219
60029
64939
2846
-5671
4638
58389
4407
1952
72939
16039
292
-2671
28069
41489
6114
-8477
-37317
70617
66549
-9215
39249
28629
31979
38809
-1658
-41117
7867
32139
14369
61617
-75117
51459
26317
87299
12309
18217
58617
-7348
-9417
15917
3049
-1199
56079
8165
-77717
25299
59729
83439
5672
31239
45289
-8189
-5137
-902
-5867
34379
2600
37259
6549
-22817
4776
2610
-3860
4596
95499
50329
-495
73799
45417
7980
6590
7660
-6684
80089
85119
34259
73519
-185
-2402
1914
475
99259
11789
26059
-312
-51317
9079
19917
4500
665
1537
-5262
-8084
67917
70679
-10417
29717
17639
9155
85989
56609
-8213
-9575
-2112
3709
-9264
1804
42349
61817
77629
-74617
7471
95717
46729
1347
-94017
132
60799
66649
72009
-54317
5871
-2612
-28817
1122
-1272
65017
46799
-6780
-37717
90239
38859
2796
5874
-2964
99517
62509
-834
62549
-6840
5697
5063
-923
20239
-1134
6201
86569
1900
26769
-7106
722
99589
10969
5819
4071
98529
77217
-1561
66059
1778
89689
34729
-7804
94117
-39317
5847
69217
4430
-2511
-1845
-81317
3836
71459
-2163
-5803
-4272
-3436
6139
31917
-5919
95629
29539
51939
3890
-72017
22569
77839
4527
93499
-1927
5119
69649
28799
42899
49399
20329
-5385
97269
7654
66959
49749
-91
6199
92417
-55717
78279
-48617
-4513
2087
13829
5071
36189
58059
-6813
3959
69809
5494
54229
9081
30129
-766
-56017
56717
63329
2331
6790
-5658
35599
15217
46017
75319
-5239
94829
-96917
-44217
87117
1027
-6908
14079
261
22917
49799
-12417
79717
718
68919
-5577
25759
-4014
4574
33117
-36317
49969
93917
-8442
30479
-7297
85289
-54917
3377
-6712
-743
9318
63789
79399
-4112
57017
90419
93289
544
6663
51217
81417
-8312
7742
41117
9362
32517
18739
285
25417
12709
1333
7428
64379
9409
18329
9986
-5985
59319
4179
53629
29079
-4411
57139
742
75629
8189
6049
3844
28717
22129
42369
-8128
-23317
99919
-63017
-8955
19759
2437
-8432
-2238
51817
8926
5784
15319
90217
74599
76799
51717
2396
5113
62
62809
69129
-840
3813
14919
59939
39459
41429
3161
-3913
-26417
21949
-1989
4150
735
-4730
-8966
-3359
-64617
10829
-9930
9460
53179
2954
861
-1542
-94517
-6079
3014
9462
-60217
56209
9740
-2557
-8615
809
56739
58429
-6672
-40417
6213
-3832
-15017
5099
8839
94049
88149
78139
59417
61749
786
-3884
2051
-3364
7549
6873
10169
-50217
83099
3200
14189
-77017
-2464
1121
45717
8632
9732
18059
-6123
-93617
4825
94389
7451
8825
-9403
94317
-9877
22117
-4299
17249
-84617
85669
24017
6842
97609
80819
792
36999
-85817
-3012
1829
-13517
2420
8396
27717
-4827
8573
-27817
8395
-1213
-4412
91819
-1579
9925
78917
6122
2829
4032
20129
42217
6699
18749
9544
48617
-49517
78479
-46217
-2170
59589
-7624
47959
2803
51229
5839
75609
1513
94369
9329
85499
47489
1674
-45417
-7332
62379
-8613
-12917
-8388
-1581
8522
2983
-75417
-2283
91699
-6933
-60117
2510
154
5049
-68117
-1868
-8198
-72417
495
-7216
20259
4913
9145
-7920
23617
-5013
-9598
28319
3099
-4648
-2292
89319
64549
81917
-7818
21489
73009
8213
-45017
997
81189
2367
-50417
77617
7687
-2175
58269
-81817
-214
22869
68349
35119
10159
9243
19709
23209
39729
18399
66209
42789
44217
-92517
-615
49849
3571
98617
54419
-6966
-47117
-5180
18669
6416
20299
7779
-1745
83839
-39917
88699
71069
54217
11899
62519
-483
-5413
68779
77817
45689
-4886
70539
58669
-3643
9765
94769
7071
21389
5838
-8625
-34917
44917
6884
-2148
3139
-1124
43139
90669
22799
-829
45317
53369
-3066
85559
-79917
-6312
64289
-87517
84729
31409
-1919
-4813
17517
-71217
42917
9404
-75017
-4003
9911
81369
-9915
31769
8559
76909
477
8951
17917
-436
33919
-22717
-91817
-4913
62409
605
20469
-52117
98509
-1212
60017
81069
30417
-6015
6242
32459
-2703
-4413
5581
85039
-7513
82929
-86317
5073
99419
201
12039
5730
9603
1864
-99217
12217
-8279
-4623
-9210
-4572
10399
8784
202
-3992
4217
-74917
1626
96079
-6556
2743
12949
3000
-84017
90799
123
6898
-2507
29799
15517
2188
-9083
27229
5081
20609
-7435
-8713
76519
-753
-5483
-8281
5913
671
62309
9876
26917
1692
50249
-83917
-9315
595
42449
14899
-3826
70769
86649
-7226
2840
-2760
-9456
7013
12517
-25717
-8066
1854
503
93717
51739
-3712
-6454
4364
-1512
-93917
38317
23717
4720
82169
-1513
25217
-6129
9999
-158
-1464
9919
36229
913
98209
55889
-88417
46117
-1031
70369
15779
-749
35389
1469
83019
-126
21019
-1336
6625
32629
93699
60329
2800
-138
81879
-3437
26559
36617
91399
918
62417
-6645
23029
-6327
-5932
6927
-93517
14109
8939
33589
69817
51689
6261
-80117
82917
1259
48999
21699
52729
-27517
38349
83909
-4958
-9313
72359
-9393
84589
9713
-4818
36779
98517
77059
89049
1570
4082
4698
5991
-2641
57589
7799
5177
-6515
-9642
-40817
8005
-811
85017
-7222
72039
-89317
35669
35159
8068
2372
895
16659
7097
5135
-1629
47117
-2888
-60817
33169
18509
-54717
75317
8181
3449
43529
22379
9729
745
-66317
-6094
-6924
19379
41929
-1456
9967
-6670
-2309
5143
-9658
7763
97159
5019
36759
36889
7287
-8125
72079
-7813
71959
28117
-5098
67879
-9948
8112
28969
11889
-8247
-6413
71417
8628
25209
-2577
15389
58819
49249
86517
81779
-13917
66949
60299
58559
-52817
-78217
7992
86349
25717
20379
-80417
6215
71789
-25617
88017
-8920
86239
49349
46089
2039
84339
48389
12417
-91517
122
8051
-2933
6056
1028
-607
-56717
76929
6243
11769
46489
-29517
-29617
73909
5939
-4313
-95517
2938
-7612
8730
48209
9259
59169
-3864
-4336
-69917
24699
-8604
2431
23039
-3713
78549
71799
7324
-3027
60099
67419
2667
-8951
-8772
6229
-8112
9978
-3135
-31117
23659
3132
6189
61339
-49017
3555
-7032
-7984
7951
29739
2132
89549
-4664
18649
7789
-1331
-38117
16329
7679
69117
35329
-45917
-1256
-4815
64859
56669
-5392
-16817
45929
53299
5359
1858
38789
-41517
53017
-9465
8459
4149
-65617
-45817
72179
-3056
-9473
27669
5096
10789
-2115
721
8505
66699
415
-7764
74517
87259
21999
4702
48299
93419
86519
87817
-6336
75079
52799
512
99217
7410
5101
-17517
-814
4875
245
-4368
87659
77159
-9306
-4776
-60317
-4982
2560
80649
51669
55817
29699
-9960
9780
39219
50609
67317
-4207
67809
-42917
-3871
-3910
41969
2360
4485
1149
-7715
41149
17699
-5015
71929
93779
7835
4229
-417
-788
2978
54899
30917
47289
-82917
51659
39709
97629
42279
18159
86489
8009
-2069
58489
93909
5776
-8962
9913
-1322
9565
5313
83279
-1175
-2813
-7902
87517
-28717
8904
88129
5457
9027
-8284
74579
8579
28079
27639
4937
94109
-2839
87869
-5404
-18517
27149
27789
65
27439
6778
18317
3600
93109
-7653
28769
1535
-4241
60899
-9699
49517
7389
86429
9049
6529
3066
-53017
36419
21509
14679
6525
-9571
78079
9763
85869
40709
-70417
3767
82469
40799
26109
53479
-9912
-84317
97917
-4408
2847
78579
-9779
71717
83699
-5618
6938
77529
3367
10317
15399
50979
5812
-8594
114
-1887
2568
-6651
4593
-8758
77539
97317
7006
-17117
15989
24617
63579
-68417
86639
44269
738
-2793
3313
-56617
-51117
1334
-97317
-92717
-2022
945
33089
-3193
4609
-97417
29609
-6335
-54117
-8412
9169
9834
91709
1369
7444
-93817
-7294
1729
82489
85469
9509
2535
-7313
95859
16629
-68717
4058
1505
-7311
33149
-6614
38109
23917
2527
87917
-8786
-2176
-99317
-735
-3238
-53617
7839
63719
89209
79149
-57617
-6143
83679
1651
25917
32879
83117
-8861
425
15959
6519
6135
-64817
79919
-94617
-6180
8311
1539
-2917
-4415
-3846
34129
-58817
-2173
7413
-6013
39917
7508
1589
-3181
1676
-35817
1285
-9204
5818
-2336
6106
8504
25289
8377
94689
5213
54109
-9709
1182
-9735
20517
-60517
-9871
96089
7059
39019
28899
-7115
-5518
68839
1015
37719
-4466
-2301
17399
89269
5443
62229
64317
1190
-6604
69499
32789
-8395
27169
-40717
-40917
3544
-1130
52517
-6385
6152
86859
-65017
-41017
-3586
-5149
48917
-2433
2249
-5066
1759
7361
69389
1120
31017
48739
69459
-55117
-6187
57369
-3709
7984
5596
22709
45899
4569
-5335
-3182
6587
-1008
57279
68499
-79617
-3842
57509
66417
-46117
62117
94869
-4260
-9746
5376
-5115
-55217
5003
13089
182
33829
13579
-38217
-8459
12589
-6415
8313
7289
62899
19617
87689
20229
15829
-7986
20217
4188
5262
48179
7262
6349
47429
63999
-38017
-6429
7079
22079
5398
25309
8087
1713
9188
-3865
-9463
15749
57599
4729
-1324
782
-5513
-73917
54617
3849
-3206
-2083
-10317
-9015
93317
-5144
39039
14629
28429
35619
20569
92309
88617
3672
2046
63639
4751
273
-7117
80939
774
-81
2330
79209
-76117
4878
6483
702
15939
-7882
-5568
-2212
27509
4379
-3953
7733
-2712
29679
-4823
1982
19919
4145
5559
-2499
17379
60417
9619
26199
34389
-7249
37419
82339
70017
87719
7845
-1032
-5132
-10917
85919
18229
-9680
-9154
79279
-7161
6029
96317
26859
212
-520
6431
8374
-3460
83517
80809
78317
-7019
1985
-2588
-5395
28289
8316
5129
80989
-2858
8748
31039
9058
-75317
94139
77979
-6777
-764
72929
-3307
51019
8109
74919
-4034
44869
1641
-57
74659
-1524
33179
78809
70259
-3798
72217
49059
61417
65609
6799
3999
-2455
9380
73649
-88917
21217
90717
-4586
347
41717
-15417
90317
-920
26079
8475
-3160
55417
-9796
45517
65539
705
8059
-2380
-472
7849
3471
8219
-302
-4444
32599
52579
8795
93999
-16017
7321
6193
-9370
-78417
21579
2553
19219
33779
92829
6813
-1652
6060
772
-36017
47317
52489
64279
75929
64839
-7035
5916
66999
97929
7724
7795
3628
-4649
-97217
2214
36117
68379
2161
9639
7959
6829
-9713
-5931
27429
89219
-6675
-25817
55679
49669
-4656
36259
66069
-8133
50929
59217
-6342
2967
-5481
37117
9910
29819
68169
-8142
77709
7645
-33217
4109
-58317
-9412
-1395
5920
-79317
77417
96217
8832
26617
7260
8781
-8734
43189
85217
5676
35349
9203
-8840
84889
43619
55617
7333
27519
85369
1097
29059
29869
8913
35559
35017
-9762
10519
-22017
9229
33819
76617
52
-63417
21309
98879
-7185
-9983
73039
912
65139
-4882
79169
-1787
8344
-4269
8043
-70017
26389
-7707
3895
-62117
41019
27359
-84417
78889
-3931
24609
60429
65419
-5876
8135
38917
67589
70029
3705
23889
46099
-479
30429
-6950
-35717
-5567
6544
77909
4607
-4594
-27017
-8369
84499
56417
-34617
11779
-401
90479
11879
27799
-4863
-91917
33009
-2637
-84917
62539
56319
-9625
-4627
5495
4119
6472
43009
8540
-7255
48829
32549
-2705
193
-53217
5924
2918
-1721
5639
96199
93519
-1843
-4546
622
-9302
24429
7907
-6046
93069
78617
56339
49099
2921
24409
-7312
53209
78359
55289
2273
-2827
84349
-8770
29617
8053
-15317
78069
-2214
85029
-3824
2704
75917
542
21839
75339
-7112
53879
9831
11839
86909
57579
-8371
24629
-37417
6358
16309
72439
-4496
19309
-8476
9137
85539
-1412
7622
4615
36217
73017
-49717
-7778
47649
26209
16679
3822
6317
7539
24579
-63817
63749
42929
-7690
75309
29099
-5668
4126
14329
44219
46717
592
1013
-70
58159
-667
95
-9061
41359
4307
-91317
-6031
6277
1628
6427
-13717
-48017
5332
61269
-251
44609
28379
6423
-70917
62469
43889
-61817
51399
-9502
5519
-3844
3728
-5008
-5712
87639
33329
35117
63017
1897
-5719
237
7283
2313
-266
-2125
95917
48169
7478
4709
-14017
82909
-9552
-4287
5128
-3577
2532
-61917
66709
3154
77269
4682
34659
72717
92817
16159
23819
-54617
-5810
-4972
20319
75369
6677
58479
3263
-3848
11017
8953
3719
3149
2891
-9185
-71617
2233
5709
36639
-27
36089
95179
-5775
8290
79779
42509
-53417
46329
64979
7897
-9730
222
12059
75559
5431
19869
7130
39659
-3715
-1918
12917
-66417
62209
81029
7158
43739
4169
71529
53939
-2252
-1913
-29117
9076
42359
53389
2333
-26917
42499
-5177
-9950
56529
4086
88969
67899
96949
-4735
-28117
386
94079
25919
-8009
-17017
510
-8858
2866
-7166
-54217
10139
29217
9381
31499
40389
38209
-812
18789
-4983
68059
454
43809
-4792
-69417
513
-9441
-7288
94009
-74717
77717
48249
-9070
-97017
92169
54017
19569
-5393
-51017
8471
-27417
-7490
36679
34469
61759
-9129
92317
3093
46459
85679
22629
7000
-34017
-5049
-3128
-476
5139
-5412
-83817
4933
53117
47469
-5112
-4693
-181
54269
-7850
-55917
7620
7285
98117
1603
-15917
85709
-94417
22317
97617
11939
-5813
-9382
79719
37649
-7194
-5633
4813
7909
-63117
-3764
-53517
9949
77819
-7051
42799
85317
28229
21899
68717
93049
17009
-6831
-5436
-80817
78099
1956
-8684
-9344
-130
-2960
48089
-3054
85917
-8264
6724
88369
60849
8399
-3599
58069
-7412
75699
89069
14459
-8667
-8147
-61717
-1945
7494
-8583
-2802
-8755
51069
2400
91139
48289
91369
83017
47217
83999
1021
-23517
89117
-4304
33517
29817
43579
-4539
8940
95529
9146
-5349
-1713
-6193
72369
-2178
-9006
-8328
21879
-4653
-66217
7853
-9436
15899
18417
6847
-6551
51349
98549
24099
3814
27289
71159
-38717
98149
3442
59779
89229
-9375
-4029
-7712
91419
2742
-5232
47069
-2369
87149
-9172
72639
407
-4928
-9661
66799
-1527
51149
3102
762
-91417
-25117
4363
-42117
3100
33617
-5821
-4229
79649
54199
88029
52979
69049
11219
27409
37829
8530
-1104
37709
61517
789
9268
-8900
-6313
3419
51579
6356
-64717
79417
4922
-5278
6113
40759
24019
48817
-21117
71019
11617
-7256
3473
28529
-5001
-1156
5013
-1210
-5815
69979
7838
89129
80439
-3604
35429
-28617
5184
91239
79389
795
56199
-73117
-12517
-38917
2201
-2135
79449
3641
5653
-11
36399
8732
26517
47599
61699
-6410
-6754
23489
71629
1413
21317
8644
-8013
2833
69779
-3795
45617
8531
-9037
2809
90439
-1962
26629
43079
-2678
2953
-65217
21749
8249
83209
-94817
818
24769
89489
-6898
-2852
-26517
52817
2949
9347
1500
3186
49409
-7722
19179
6539
7776
31517
-4384
16559
19989
2272
2519
14817
9784
-6213
7169
71817
-1584
6035
1719
72
-82617
25609
-32817
72519
14849
67517
-90517
-1932
2106
83379
-9044
-683
7359
4113
355
-6877
3839
92499
5592
50229
-4007
82899
-5915
-375
30119
8072
-8820
99169
-34717
55169
-74117
91829
7467
79217
50599
25199
7424
46617
6459
9069
88289
-5533
11309
-3382
7994
55117
3749
-8077
35979
-2322
2959
25739
-4946
39117
44939
2181
5269
-37117
14217
6084
73299
-44117
24489
56219
67329
34517
6718
64479
-2008
-458
75009
-546
52617
63117
2383
-67517
-427
13189
-2625
74479
7046
-6991
-83317
33439
4723
-3049
88117
-4066
36659
-30217
37099
-38617
-724
-2272
-3771
-21417
58449
25539
-5920
-2020
1921
59769
96117
113
3343
-2733
872
-3378
-1113
-6212
28417
18169
79839
2322
-9644
17949
36917
-8857
14219
96279
6979
57909
-358
19259
-2418
55259
4949
93569
1989
4183
-9323
67369
60569
55317
6872
79159
67709
1089
52079
710
-98217
8184
31969
54117
-34517
-4915
-425
30217
17717
6995
635
43659
93099
-95817
1974
-9415
-5212
43839
56479
-99417
73317
96589
61479
-5156
40
-3371
-5388
80149
-3124
31719
17289
70799
15489
13949
62017
-42817
46079
45989
3047
-2360
4802
-1827
-2373
8132
69479
-8404
9222
-5624
21017
11729
5725
-3311
648
-1087
9871
-5215
22179
178
-2224
1888
-4859
-4243
51059
-48517
5245
92749
18729
5914
5441
22017
58599
-787
-684
-224
3029
-3032
-47317
75669
42417
59509
72117
94879
19609
5550
-9115
26549
-4515
-85217
8746
-3213
-6887
53317
-1710
3309
16709
7819
4013
-6488
28819
-4315
586
-69317
9197
-4791
8831
-3612
13159
36099
5413
-93417
12239
40117
9236
1364
-2192
34669
75049
1853
7468
-4537
89409
-7448
-6666
2728
2748
-7679
50417
-2412
2620
8092
81419
5419
-908
4647
27989
41789
-7579
29509
-32317
-4175
5230
98399
-8905
25059
45389
98319
-9897
6589
34069
7263
24109
72049
6019
-7363
-1359
5813
38139
9742
33917
40149
-4022
2204
-6462
2488
9376
4830
44019
78239
9502
18117
-69717
94959
2601
22159
-76217
87209
19879
8859
-4541
57519
5949
99659
15059
6801
7813
55917
1706
1902
2886
60979
1819
9296
26819
2909
-3215
-6799
-65917
13209
-3549
7705
-3345
43109
34839
-6929
40379
-3740
902
-4949
-1228
892
-1015
-6541
-8270
-21217
91589
71259
55609
10117
84949
17129
58369
73919
99549
915
61399
-7736
5021
28719
-8248
9464
-5534
95017
68099
16129
14129
37429
4318
1283
3530
9933
-9012
7078
765
79817
7075
-3103
4306
-52717
63009
1545
-414
-8915
-33
13789
-33617
5137
34417
-28917
97189
88139
34317
-1417
-72217
5689
5459
332
-5955
40349
5193
99439
6143
-9765
-4624
265
43339
41369
20717
14717
7666
41617
5890
42
8613
22429
2324
-3087
5917
15729
21417
-2824
-8616
18009
805
5280
-19017
2649
7026
88917
17419
5449
-5258
-2513
13517
16717
86417
-7293
62699
41859
45479
88819
-3610
62289
8029
-5315
10369
2679
-92217
-4590
76317
65349
26149
4270
3925
15379
-9336
3980
9748
5629
2896
-6282
22539
-3515
6792
-8874
2738
-29717
4885
-3073
-58217
-74417
2248
2813
33217
6683
-5401
682
8713
-1003
46217
-1089
-7013
9451
-5524
82579
46189
45719
61589
3368
-7008
6692
91109
56949
93517
96417
45729
57849
46359
34909
4777
56899
54859
9345
34217
22919
31679
-22617
23269
8240
70319
51617
75899
-9400
-79217
-3482
6002
26379
2456
-593
55419
8989
73329
-8953
6387
-8555
-12317
-6425
4106
18679
3905
71617
64679
29999
-47817
-23217
31479
52189
3564
-5800
-964
41517
2452
23599
-17417
30679
66
32539
-2088
32589
-9985
19629
94499
3944
-78817
7770
11519
-5891
-54417
3010
81169
-9001
70417
7279
-8048
-2992
24119
-571
67719
-8141
61129
183
-5926
-3978
-4807
93539
-33917
-1005
90069
4175
-9222
1798
-9050
88279
89629
-3504
137
62317
3039
73699
88719
-56517
90519
2461
86959
3850
-2913
5884
76889
95679
71819
2380
70579
89079
37939
-76017
19669
719
1279
86899
-86617
5993
17079
-71317
-8058
-3791
-49117
-1469
7269
89179
7987
39439
69017
-89817
4768
305
42859
-26717
-1743
119
-6315
41899
45679
7449
57317
21159
8519
26019
-7078
6978
-8475
19619
33859
436
-5983
4054
2088
-66617
-6215
77029
59117
8267
-30517
941
-6330
29317
29517
-5605
-33317
-2990
-5125
-7109
21049
5264
84189
-86917
93579
-281
2455
6469
92599
-35917
634
58419
346
9636
19419
-6859
4155
2133
-9788
7525
6823
93217
2200
-4924
-7198
59959
1567
-2038
38919
52419
20929
73309
65479
-2627
26029
-340
1189
-513
-4992
2023
3170
4762
1584
-6700
6993
33519
20917
84017
-276
-8763
29269
-2732
3159
65649
-96517
57549
71017
9338
8509
-62017
4613
52289
8753
25509
-1514
83039
-1835
-38417
29309
6624
4803
83817
6426
64019
613
33639
68599
-8139
7554
96817
90699
82269
-48417
52829
49817
14139
44639
76999
-4228
-88
-10117
7109
2388
2976
9369
1114
91449
5772
30419
2421
37619
17317
-28417
53119
-2999
74459
-4912
28917
39309
-3000
-73717
4668
78659
58017
-9627
78517
-2406
6375
3859
89679
-1387
8348
24439
63109
53989
1488
6234
31429
-9943
62129
48449
92939
-7881
-7175
91379
26789
7948
-82717
-37917
-6261
31229
15949
85299
7717
29479
757
-2863
-5114
4275
81989
4349
47219
55739
-9565
33749
71409
-7113
4809
-9813
-3960
5319
80317
-88817
-83617
8206
3113
-61617
91959
-9876
43819
7339
5687
-7225
54759
4551
36317
79517
22469
1426
29159
-9652
614
64117
59517
51559
36129
-85917
64617
-8244
83479
97039
26979
62849
80917
-49617
95417
6350
37359
77899
-64317
92529
-1874
-81517
-2313
60517
68759
1429
11717
29417
53559
67179
78999
75117
29419
1978
68079
82289
-4609
-5914
-58717
88979
-371
50839
-8918
6846
48379
-91717
50589
88209
-2812
3510
-16417
61639
17417
8884
7621
92089
9200
485
23479
-6024
-2912
27599
-2706
16529
-2390
311
77017
-3209
-2613
34629
6212
583
3688
-4419
57019
70229
61669
79009
9841
6689
54717
9313
81617
-32017
63217
60179
6432
70989
-87917
8117
4459
64209
-8871
-4809
77049
33469
80789
-6040
8925
-1283
50349
66449
-3772
67717
83119
-8848
97599
2195
-2997
6330
66179
-4715
11449
-77517
-6244
-7093
-5113
90299
2220
1783
59649
-3735
71149
56617
51369
-98
62359
-35417
986
9880
1494
27189
-3533
4651
9479
-67417
-5690
5669
80629
44239
88489
-5861
-92417
1697
66317
79589
9113
5597
61909
73319
-27117
98159
80717
-60917
-7322
46999
-512
8582
8295
51419
550
31717
9773
62517
8717
15549
3238
47417
5276
86317
71209
-99917
5773
41039
7210
3119
89099
-853
-4512
94289
8959
1931
-9544
96869
2063
48349
-4289
86679
35617
26329
6832
-5386
87049
4099
7875
93869
-5121
-77217
2013
-5791
6987
49189
18799
-8515
45117
99049
-5174
-4096
12629
3972
84279
-4852
-9656
58659
9331
5259
4449
-96317
-4185
2213
94859
83659
43017
52769
-26017
60217
8597
86609
54779
97
9474
87789
66817
-1102
58799
97699
29469
56599
77569
2779
-4522
-5723
39479
1082
-76517
6134
99739
13549
82217
73969
5513
1341
-7165
8315
76969
41539
43749
-4937
112
6179
-46617
9586
16917
-5016
89317
-11517
-37
6944
2723
9674
455
-25017
29879
90517
2136
70217
90459
-839
86529
2069
44417
49739
2091
8733
37549
-8418
-5992
-6383
71869
78969
15229
-5331
57799
67817
46769
-4754
-5313
5142
76759
39899
66517
31369
1689
98029
68917
-8939
6409
-60017
20939
8086
459
25617
8996
40959
63439
4313
-4760
39209
9908
-57917
73917
3278
41519
-7947
3004
1699
6917
50917
25317
-6842
-44617
5507
73619
-98417
11217
452
-108
-71017
91989
-39717
24349
70117
72859
4727
2081
4979
85769
9279
81209
33869
-4206
19417
21979
-3969
-9329
58289
47359
-2676
2206
19089
88559
70309
-3013
-562
38339
2259
9600
16817
5590
8467
-7912
68009
7334
7371
-75217
96229
56369
69317
89019
-9619
-7713
40219
40559
34949
9183
51017
29559
65009
1282
-1433
37219
37539
88317
-9179
1479
-3679
5131
-23017
68317
-74817
47749
24549
-3167
2605
-43
7704
80859
-8611
28829
6208
-1403
55217
69717
24369
-5907
4546
-6528
3392
9797
7198
7499
-7414
-9576
16217
6352
58119
5894
52019
72309
-2937
6413
-877
-3228
12717
39069
46259
62589
1309
7386
-8161
85439
78217
-19617
8349
88389
6940
79249
56817
-8723
-8612
33959
53449
-4494
-3141
9832
35009
64909
18949
3349
375
-1434
153
60129
37369
94189
79617
56679
2552
47059
-6692
-7611
34009
-1577
6939
42599
8813
3443
115
6858
-7596
-6258
-95717
17799
17059
55809
73479
-5631
5555
80309
44
57449
-6479
30439
-4681
-2139
87749
4029
-45217
76539
98749
7997
-5198
39389
402
-43817
32729
38609
-3640
-36417
6435
-8490
4636
7613
-4168
205
12689
5017
-24217
-68017
-8797
19217
-7718
9563
19979
94549
741
15879
18429
32819
7356
48969
51099
70739
-2098
2376
-2164
51117
-24817
88849
96309
4225
6063
70249
34899
34369
2006
52899
-507
19517
-6356
-4508
27817
6609
-6144
-4668
-3009
2789
5809
-4501
46509
70709
35239
64269
8937
23417
-4945
-1593
63899
7299
-5579
6769
11289
32419
-60717
67079
-4396
-115
-90417
66689
5209
173
-3686
85859
9758
-28517
34559
96879
4631
7436
-9195
-98317
2169
1049
3130
4994
97769
65169
-4719
24659
37879
-10817
86509
-659
85079
9075
8153
-57117
-7601
1363
-449
76949
39579
60709
-6391
9705
-5012
76099
-4742
4898
6054
95029
-7656
5966
-5646
6578
2709
32317
93017
-4804
7409
-6195
43849
7159
79899
-9675
-2898
-38517
9047
82459
5000
6588
35759
9449
-57017
70219
5563
-1923
7319
-88317
-5982
39719
-92117
6419
17589
-1415
-4290
-993
81717
-56217
18929
82829
8711
-9585
-6096
-20
10349
41579
98359
-5912
54417
-58117
43929
4560
-728
41949
-9668
45829
-65417
60717
84617
1165
366
-1392
-7631
-120
40719
51517
9029
8243
1973
49839
-3934
62459
-26117
18017
-5092
33219
3907
-2783
-64117
83899
59439
24519
-7939
-80217
82049
20879
9727
257
-5327
8160
9874
79469
25859
64217
67509
52117
4942
36649
13109
5379
-1056
6359
1113
2419
-9515
79659
-6539
74717
69719
215
63879
63309
81429
52639
1509
673
50079
8815
89999
25017
4291
-77117
95317
-70717
2900
-62417
24969
-56117
-390
-1838
-1646
-22317
5286
-61517
71179
5296
76417
-6826
22817
-688
19169
645
-47617
22529
51917
-3512
-7039
61717
51909
63029
56917
23517
885
-9543
25879
-81717
9167
95229
-584
-5494
-6628
-81117
-5850
70469
6688
55319
-91117
68617
-1813
94669
45189
-50617
-8670
76717
16009
-1348
24879
-850
36309
-71917
-1676
625
5324
3799
42729
22699
13717
61799
6562
28989
56629
56419
-9267
3513
5471
2361
-78117
49419
57759
-913
75889
6164
1019
26817
-7559
45529
74779
-6709
-24017
-63717
25179
5439
64959
584
-89717
29349
-3057
6639
-7833
5362
42239
-4153
-9963
40329
74299
-82117
36159
58109
25099
91719
1595
69709
21469
3466
44317
44799
-741
49317
2241
9110
646
-5403
-2855
77319
-3561
3911
2298
-83117
2332
-3357
-1552
66079
46549
71699
32
-8990
4259
-25917
33809
39317
75219
97169
286
563
-25417
2913
8056
14417
-4612
6374
8013
5722
-99717
30329
-668
1399
43499
38089
90549
50659
35039
97409
476
2623
9733
92949
34639
44817
-97817
-6912
412
65269
-8492
-497
6731
-2709
6449
59717
-6936
70419
4826
-30
79049
-8719
30919
-7996
9902
81569
-4824
2175
-9843
5011
88189
-3570
65039
20117
-26217
8073
43569
7136
-2128
-86817
60239
34289
-15217
-4975
24317
44117
24859
4025
869
-8864
-6115
6575
53659
-6467
-6497
-5556
26479
462
-1478
-977
5868
48039
40817
-119
-61417
-70117
52217
8472
-3768
712
-46817
1059
3946
654
94217
7729
-6964
1992
-28017
53349
33509
69619
-79817
-37517
-3615
76509
-5676
92849
57999
77549
9987
8820
9389
-59117
54539
-2315
-4300
70339
-8199
10429
58699
46149
78569
4872
54849
11569
15279
-2870
-3375
-4712
44029
-56917
33479
71199
20509
95879
-4370
-5139
82617
-78617
-12117
22349
-2335
-4580
-73517
-3778
86019
17139
-3327
4599
76089
86717
-2231
5595
7107
36239
12619
1359
3215
3144
56459
6273
-5966
-7012
-3972
21139
71609
8584
1613
5309
-313
49489
-1161
54259
3351
-5644
26519
42639
82069
3929
3914
-7815
21119
-113
-41217
-9620
60617
23629
65079
-9993
90029
67749
83849
-7535
73669
-84517
695
94409
823
4327
4288
-21717
22139
56439
675
56317
-34117
7313
5951
-4841
51889
-7657
-9319
38379
9430
391
-6120
68949
41159
23309
23589
99669
172
-5312
19129
67489
8647
5591
86039
35459
35179
-2713
-7486
7791
-2220
5329
6399
-5157
8329
242
47629
-8671
-3889
38417
47169
78109
-9609
74017
-96817
5356
-7588
19969
-8464
5149
83519
15619
3550
13317
-17317
-2388
2339
2337
90889
2031
-40017
-18317
1459
97529
55629
642
-50717
85879
6169
4251
29769
-3567
-98917
44889
4465
-12017
4513
-8292
1119
-415
-48117
64517
-89517
1610
-7976
6117
91659
-8804
92239
4077
11989
13017
63279
46249
6249
92379
9242
70609
74999
302
-3833
13409
72529
5989
65439
68117
-8103
-6543
76029
83829
9585
2821
8150
9282
-89117
86739
-75517
3809
60117
70559
71389
59279
-87817
5703
80259
-5275
-7763
1125
1439
-1053
11499
-2193
99359
-6853
-92917
142
9193
-9307
7065
19117
-8026
9277
-78917
19009
-9895
67417
-5636
55569
17117
-90917
6255
-519
-4464
-4398
-79417
42379
-2162
8790
53979
-8554
-9817
-7212
72749
6660
-8877
93417
-4617
2003
14809
2618
8337
1199
-3457
-27317
91717
9569
54317
88859
4285
28617
66669
84749
24329
54517
-38317
313
-4871
8230
-1115
-8506
22517
60059
43799
47689
55329
-4761
38319
5064
-987
98519
57839
98799
-47717
97829
3044
7625
-11717
46569
37239
-3579
-69617
8049
67969
45789
9689
5706
3061
7036
-2484
20919
62269
-1218
2079
687
4258
-8204
18849
7150
5794
53717
39759
-77817
24529
47209
9661
17817
-68917
89039
7528
54909
8405
26739
-61317
10739
44439
-9664
-847
68589
44109
71217
66509
-3721
8719
9017
32359
46699
65159
7690
40659
-2441
3108
34969
58139
3371
63209
8662
-1180
39059
76079
4989
9518
90809
3016
-8935
-8756
558
-55417
992
-7980
-66917
48699
4137
-7777
-42517
88499
835
39159
-1698
-7696
9749
42589
9432
7596
70509
397
1742
46029
5713
2239
-7140
1717
8451
-19817
91859
-613
4302
28269
-55017
3059
7325
18129
196
43117
15309
63
-6185
4277
-95317
97209
-6049
30909
25729
4265
5179
7989
54339
-6296
38679
-40617
24039
1079
-15817
6743
5879
6831
96349
76039
-2317
-1613
-1719
98317
-2124
-5188
-6696
582
22009
25019
72459
65979
-4418
4442
30009
-8813
-5634
35829
72509
-653
-1307
68369
312
-43117
-56817
-2445
9238
73209
86669
61659
-9846
80559
-8873
99279
4172
82329
-924
23279
40809
52917
-4198
75159
39349
-1627
39989
21529
-9513
-3099
-3902
67919
6976
-7196
-3951
-5421
87479
-11917
71309
85019
42029
905
21419
47659
775
90629
8580
755
19789
16799
1520
82889
-9785
20017
20999
4859
9397
-849
16517
69669
2151
5791
81999
85849
-7811
1580
-3043
-8551
7678
65279
-9145
-8753
-9118
4867
32559
12799
-4732
3394
-6815
84199
39517
97019
96017
-43917
23529
-7163
83349
828
68129
2842
9806
47889
-7059
-433
-69017
-2185
-8456
2439
63817
-5516
30589
28217
84419
7008
86829
-18817
-986
-14217
-33417
91489
53539
-2113
27539
76939
62259
3373
-86517
5701
-67717
-51717
3889
6717
-3667
4365
63717
2974
-3067
50517
6498
54939
2929
79569
67929
-99617
-5093
57719
71169
12617
79789
8679
58317
5058
-66717
65217
39617
86759
8113
82299
87017
-7812
-33717
72799
-72
10079
-951
5249
-29817
12909
44017
4794
-1836
43717
-610
7270
14117
50617
-9000
-1891
29759
8127
-53917
53799
855
48659
22599
-2215
25269
-98617
5925
84779
-6203
-2583
-1499
-46417
34649
-444
-24317
17709
22559
5573
48889
479
-1712
-4722
-20217
39817
-30617
41109
5469
95969
7930
4603
67117
85309
2190
-9409
-16917
1269
-2993
-215
-52917
5530
75617
914
-5348
342
54989
-2420
-8336
53817
-11117
-1636
63919
72229
-4713
68119
87449
77079
5067
6244
70317
58199
74417
70079
16229
74959
-7286
9738
55769
75639
35109
-31217
88669
33717
-3342
44339
17759
6484
-6477
-87117
-9013
98499
-1763
-74517
27417
88817
89879
2457
59899
63729
-7268
4399
-21017
70917
94909
27917
69869
77917
-68517
-67117
-22517
-8417
-6974
-6375
20369
73979
20479
-6586
-16217
-2642
-7795
5418
64049
59317
6532
-82517
-5241
7590
85529
13139
-4684
-198
17109
70979
23379
-7143
8789
-1288
-4341
34139
12817
155
-4764
-7267
4159
65959
90409
81609
86579
56289
2219
26417
7422
7401
8887
-7866
24929
29459
-6091
322
4309
59309
-3664
-1847
-18217
16049
59
-52417
-3879
-9760
-585
21717
-2572
-176
6510
62279
2124
6099
-65817
-16117
72109
-67817
27999
3379
25329
-488
-43317
17319
-1333
73489
9599
54129
-8186
85617
36009
-16317
24279
24517
-187
-4529
-5021
2469
-19417
40199
24069
86539
82229
2172
-80917
31789
-4154
65617
3714
-2147
28239
9365
22217
74269
71917
-44
37019
-4109
96617
21517
783
98017
27559
68459
29549
8599
5391
8103
-4743
37529
7454
70909
-2725
48317
64319
59139
62889
9762
54549
16419
66679
39199
1343
90469
85517
-1230
62879
7399
1322
8159
-8137
95699
-5565
44559
17989
-7127
8079
-4329
-5147
3051
59817
41017
9704
8339
4814
4361
-21317
47699
-1268
54817
80817
77339
18699
4338
9813
-14317
-2815
82139
-6659
-3731
-20917
-1587
72739
15079
17689
-8233
45949
38217
-3851
-2213
-71417
78417
28119
-40517
-6176
-54017
72549
972
-7628
31589
52139
9611
42549
-4012
65399
-8716
6737
55859
91299
24919
56749
69409
23049
82417
-2044
3406
-99517
26889
825
10717
-39017
42017
-3804
89459
3134
3087
62817
-4449
11517
693
90349
-46317
61819
27709
345
-5449
-42717
47517
47119
5338
-4687
17959
3740
-2346
5076
-48917
-2457
96059
-1474
-30017
-9213
76649
-4770
-8929
93599
27719
-6809
21917
56099
-2095
7889
53319
-61017
21617
83029
47029
-6229
41049
-9756
552
-2607
-863
961
82959
602
6057
8718
3239
52759
93039
63317
84759
-5402
70717
95919
59029
59179
-77917
29599
25909
89289
-6153
93399
-5068
55239
25519
4967
210
68817
96549
8635
39519
38817
56889
37917
-5074
83819
28817
17859
-5772
36819
-8765
-2415
91217
87417
-2801
-5557
8197
22717
66117
-8708
70589
54299
89917
4308
-1910
-3690
81279
27199
-4015
72989
-6324
-3079
8403
66499
85817
8688
6923
-127
-1717
-3212
17839
-7909
-57417
48709
29529
-1013
19579
-9832
49979
39469
3529
86779
72919
-3282
8120
-8520
3742
-4905
-4115
96389
36909
-37217
8269
-31317
-7123
82
4764
-31717
-7591
43589
-7728
685
-8944
-1027
49649
49617
28109
53429
70119
-6621
463
4559
-98717
7929
38617
-8702
6942
48009
1860
9099
77559
-57217
61317
37229
7993
36969
-43617
3627
-49417
6749
34039
-96017
4757
60279
92289
38219
3247
22989
-3811
7035
3243
-5389
17119
29289
36499
12
-6711
-5584
-8226
-2505
20669
53519
2245
41217
4988
92709
38729
7464
6674
3322
-7843
-3806
-6256
52869
29169
13349
1823
-2959
93739
7072
-3248
-2012
-5871
-1004
-9690
-11617
-1483
-1012
39029
76917
5789
44199
619
-5969
-4142
38779
8232
98849
10499
-12817
46669
-813
8767
89089
6869
4355
37049
-2624
88417
-372
125
13739
-9377
1746
8419
83609
-37817
-274
-1944
84839
-18417
28317
81919
-71817
-4083
24479
-52317
64059
81849
56249
8343
51299
43917
4276
-60417
-31617
6016
-1274
-9820
-6238
-7936
83159
7241
-94717
38059
32909
-3040
50759
-5342
-5781
352
-8537
-3701
26489
9164
76699
-2259
73869
-49317
1171
-8130
3129
73789
-13317
-57517
82117
81969
-6376
57517
-4771
-6139
51489
3423
-83217
-62517
-3775
-7776
5169
3590
86409
72317
76989
9143
37119
-27717
15117
87317
-9923
80517
-2321
83549
49689
-5689
6760
6861
4778
-96217
9869
-44317
-2031
69309
77869
-70817
86817
15317
3846
40317
2818
95339
57389
4023
-9090
35819
63319
-395
48029
96209
4052
21519
49589
-926
59889
12929
-4816
67199
-463
70517
-8182
4688
-65717
72709
95299
28017
3417
5500
-90117
8204
-3312
2024
-9413
-35517
-9479
3374
90417
92739
-1325
-7514
68017
-9737
60929
-3376
4796
1384
93117
1913
-1508
49559
2414
46049
4905
-9742
-7258
-70517
15869
35317
-81017
9239
29979
56719
-5613
9013
-72817
83649
98859
-31517
-7095
61889
2177
54439
92019
45017
7320
9417
67169
42069
-9411
392
-5657
8069
-6412
76749
73117
59917
-68
2695
-39517
1780
39
-44917
73769
37149
-2859
-3404
45339
-30917
-7388
6541
43517
4969
63449
-5360
39169
-92017
47917
-43217
-44417
4795
31299
72417
1949
61359
95117
-42217
81017
-79717
48479
2614
-9902
88517
-1753
37739
2369
82559
73617
96719
25639
-8832
33339
26909
2080
37269
-3656
2942
62339
-8172
282
-63917
-2401
61409
47109
6928
87329
9769
28517
14617
-7154
9795
5408
93617
7225
-8266
3189
61289
9444
5892
32817
29117
23999
4555
-24117
6191
30469
-103
-22117
60699
1281
60629
-34217
-5544
-8260
-7512
16189
-6915
48419
49519
-7290
15579
-2245
-9275
-72517
43489
2019
85489
-1615
-3394
26649
40319
33817
7527
-2615
6524
97517
-2386
5671
66219
66109
35229
9319
-21617
-94317
-71717
2659
7015
-2907
2977
9419
92249
41029
-85017
-67317
492
58999
13917
227
-8155
-7148
76659
-1174
97417
-92817
1536
-3330
2711
-6832
55429
1899
-697
-8479
31629
-71117
44969
-3516
-97517
4158
27579
75019
45449
43829
72917
61509
27019
93929
5216
80449
-2701
83629
-6861
5160
14449
7197
57217
9788
6902
-6156
929
-82317
-6868
95009
5815
84679
-94117
10639
9643
82317
942
850
72969
87799
56959
-429
49717
28439
6954
18029
44929
-8526
13117
-1779
-59217
-73817
-7761
2957
6119
26049
64917
-9500
7583
-27217
24799
-24617
38019
-8423
96069
66189
-61217
46539
-2169
79859
-6092
92209
14317
-3363
66289
1822
-54517
64759
92159
102
-9124
89479
20959
25399
35289
-3313
-1915
995
65517
-79117
-8502
-4829
93669
89819
76729
47789
543
3937
73119
21269
50879
31659
-9703
-3874
59659
-79517
9336
4770
28359
-7564
1519
7514
-5615
91117
3509
44499
-1219
6556
10017
18717
92617
-46517
34569
-85117
32369
13059
70599
26809
232
3539
67059
1471
-7942
-3737
5934
9089
60139
-73317
12659
-7500
42617
25699
31459
8699
53219
-9297
25319
97449
-6137
-822
213
9669
-34317
88879
-31017
6382
-7963
4606
2329
-9527
44409
75217
5606
8621
30809
13817
87839
4923
99829
71489
7699
76019
90179
63499
652
44617
37869
63489
2893
97139
12329
76389
6684
34339
63917
43919
2216
4925
60819
48139
36369
52459
-376
16889
36339
-8091
2675
5954
-5580
12939
93019
-6636
10889
-19517
27317
78919
-5368
57117
-9002
22417
1063
58979
24229
7829
-3912
-7541
21349
-2968
-815
9896
-9476
31609
-9615
60549
-89617
3644
-5560
-7667
-3502
19139
83089
-6027
30517
61259
2759
81319
12117
84029
28369
47419
1440
-99817
5312
8385
5279
47369
2299
-2385
98339
99369
44399
83269
-3200
90609
77739
68249
7513
57559
84859
-4002
90089
31099
69839
-6114
74259
7479
3686
40779
87039
85339
19599
25769
66917
87389
-1269
28939
-20517
-9611
-81917
6345
-9957
75329
-6634
3089
5059
37017
8170
-9612
-2397
75099
-388
5526
-7352
6131
1133
-3491
2277
3221
36017
-1037
91099
37669
43539
-3155
6899
-51917
-3513
32417
-81417
3933
34859
24899
22
662
9675
2440
-3007
-9830
-59617
70849
15817
-2208
32989
8744
689
6645
36119
-5086
-9112
79017
19017
7677
-17617
-200
4649
18279
88569
984
1793
1693
-1862
37279
5729
79029
98817
15599
70919
79117
-515
26717
-599
82319
50789
-9815
43617
83769
7108
24717
49169
23159
65509
66017
2353
59249
-2753
30817
9513
67039
-6386
86017
37569
3409
87217
22399
-9641
-1057
43817
77489
-6920
60259
37517
35949
99417
94939
39559
-69117
44519
-7397
-4812
46069
-39417
15709
1265
-86017
82769
55249
8526
69517
-5766
44749
3020
39699
-365
-268
99317
3197
-5980
-44017
-5035
69919
9182
-9073
-4894
41849
-2604
96799
90329
39289
95769
47639
38769
5277
472
3546
32959
-7260
55919
33069
-9193
-8144
-212
20899
8322
97479
10699
1859
89989
43199
42969
-6622
74617
58439
34599
-9919
96979
-76617
74309
-1651
31117
-2915
75939
-5736
40989
-84817
56239
10617
8779
-3888
-8212
-915
54479
-9913
51089
78259
-49217
875
9671
5582
35
6372
8576
51879
56649
97089
51249
92717
67309
2732
-7840
8950
-7710
5568
-2838
1468
84317
31189
5032
-5711
-29217
-6135
7978
4659
1772
-1001
16859
6809
30379
79769
-676
82809
3910
-8335
81217
88519
53859
62019
98417
58517
-6913
7941
99889
8610
60817
3708
12269
-34417
57689
-96617
-43417
88119
-7788
84817
76229
61009
1910
53109
94899
-55517
-33517
96717
97999
-9795
4744
3311
6754
-309
57119
9929
-2515
5508
-53717
3399
-50517
46917
-15617
-53117
33017
4413
-412
-82817
50729
43329
34349
-78317
3759
58329
7961
80829
-8560
39717
2559
-50017
63199
21229
51749
-5777
23649
56919
47589
-2004
-2923
96449
-9714
89717
68069
-29917
15919
5821
7439
-6318
-391
9682
84417
-504
-68217
71279
3603
36569
92219
2531
150
38649
82409
53217
3760
39769
-1313
70069
2528
30017
-70617
8709
79409
968
5227
3541
-4148
-9107
99929
8879
2061
-5359
31139
-64417
41229
-5512
7100
-3113
-7744
-5715
23009
-943
48219
3259
87429
-9987
1836
2275
-5415
505
88359
5156
74817
87579
92629
-7279
27529
45429
-96717
2613
2760
75417
85419
-7565
71317
84079
5679
1476
-1289
6821
50169
90159
5211
-2105
7307
17869
13869
58129
185
16609
-7244
9743
-29017
68329
-17917
4582
-6613
-33017
-19917
21629
34409
-4758
-45717
-7580
-41317
48189
-3676
35739
53829
11829
3488
-1902
11739
19029
-7128
2209
23129
53289
42717
97299
19817
68549
35817
97899
49619
6619
7913
68729
380
-4800
5885
4810
2825
5537
69417
8161
-38817
8436
6089
26989
-6838
3954
3887
81517
48529
99749
98169
952
-68617
-7213
35417
60119
67549
58779
-45517
-8812
-5997
-2371
-50317
-4694
-78517
-2738
78909
67849
545
2828
-9388
35899
5489
7213
-3603
612
18517
-8815
7369
-2981
5861
54879
57039
-6791
882
42909
457
-51817
52717
71809
9129
3013
5609
39217
-2989
59017
3252
3229
-29417
-36217
8598
73517
6123
91979
1919
-73417
785
-32417
1615
5739
2250
80959
-50817
73129
93089
-72917
36717
9361
96109
50117
-2064
48489
-99017
65749
-39817
4311
20199
-700
7903
-9093
164
-7208
99709
10329
9174
81317
1491
6258
39849
97009
9142
35499
-9740
69489
-8313
83579
-6421
-8984
93259
8389
7345
4391
4431
9499
89509
-4038
22939
-2835
-8150
62717
1777
5453
-5682
-1249
-23717
22979
85189
64717
58919
9866
862
-9212
49509
-112
4479
56117
-5037
4458
-30317
-712
99917
17217
85209
37299
-4064
98709
-9113
11417
-2693
-1815
-9265
2751
83317
4281
-267
-1715
17849
73817
-8897
-11017
35917
59849
4069
-144
-11417
47717
-8967
-1312
-69217
81979
76017
-619
46819
64399
7832
2764
3269
8268
-4013
-42317
86209
62799
-44717
27919
-8302
-1374
26539
3448
7372
88269
82369
-6901
98729
-8358
48217
-9888
175
59259
57917
7300
8136
-3015
168
36269
-18117
71517
38717
11917
482
44359
67409
57189
89349
10129
93359
66839
84699
16417
42649
-7598
15129
22409
3153
3645
2598
922
99599
42779
7189
-4323
-4470
58309
-30717
8649
6149
21679
79917
89949
-4762
6318
-2015
5148
3242
78489
-6496
99117
197
54409
36109
-7832
4031
-1677
47239
-6070
76629
9000
-1105
37799
381
-41717
4148
925
-7915
-17717
76117
76159
8456
-3048
65809
5945
7912
59619
-72617
-23617
-2432
67869
32617
98719
1993
35849
-8015
965
2713
7004
-8932
-9973
64349
-107
73339
20417
61859
66419
28509
-7273
99539
-6713
59369
962
3798
-7088
-51517
-16717
58099
-8983
-3957
37889
17279
55129
-8685
4371
383
48239
10189
-11217
13749
-3315
3552
6012
93619
1017
-7633
1866
6713
-6768
-6561
20659
97259
9383
-36817
82817
2989
-9066
-41817
72579
-3074
31559
303
-99117
515
-9180
84539
-48717
60459
18709
58579
-5989
-24417
1075
23989
18617
67559
3765
8035
4133
63929
-3028
-8957
1724
16319
9709
98919
3969
34617
1102
-4249
-7925
2509
57379
-10
9067
-5486
3165
20589
4323
64259
-3106
502
-3490
4435
91617
65369
-63517
50809
277
-5869
16569
-63217
-7701
9901
-5182
3948
-2291
92517
66619
26439
-3671
865
-20817
56049
7099
50619
3706
-5526
51317
-9654
894
65317
25817
-9457
-8881
11459
51209
-13817
94529
-3587
43217
55517
-2034
-2270
26599
-10017
52549
9814
99729
37417
43399
23117
5346
60949
31317
68319
-7957
-3876
64417
-48817
8356
-383
-87217
-9780
34759
81439
-392
-8
45089
67339
-4615
34459
-1347
58029
31319
38117
11117
6214
84517
46399
-5071
9996
67189
35939
99017
75717
49869
-5244
9274
5339
-89217
-52217
5836
-3412
23899
93879
10517
-46017
43429
59617
-85417
81519
-1100
35717
49909
-566
6239
65817
83179
99809
8562
81509
-666
5018
-3023
-2482
46469
47849
3703
-2393
1709
7891
-9660
67729
5300
-1548
78749
92017
-17817
-9262
-5498
12889
-1700
1862
-1912
73029
-8468
49359
-8514
72619
52969
-3608
-5913
50217
41417
33279
-18617
-6715
74699
-9940
-74217
76669
-7460
-5505
198
19717
-1120
-67017
6393
99639
-7346
5253
3586
9370
7884
-13417
5502
35299
86159
-9972
-2427
79317
84917
79999
532
9413
-7420
3505
-87417
-62817
-4899
24169
-9359
-6319
25619
99379
5723
-5472
72129
22439
-612
33417
-4484
7979
4087
15589
16549
31739
4199
28459
-2362
-2708
40017
65639
7824
99717
79959
7774
76339
15799
91969
73109
34117
2252
2579
88469
-1243
30499
-57817
9359
-58917
-2016
24679
2227
1879
88829
61109
-6029
-17217
50049
-86717
38359
10549
2841
55069
15109
89
4156
18339
-9926
8607
9219
26669
48017
89339
6867
8325
1065
-9027
53917
22839
1067
16999
60269
88199
-7847
-82017
6849
34717
17969
88039
67049
91317
-78717
-8294
6013
77989
8299
17229
95189
8933
3762
60317
32117
35029
4438
23217
-2651
83417
-4976
83259
3385
80799
82549
58717
-3205
52609
-21517
-98017
-6057
-2715
6839
31617
97959
71009
1789
7998
13389
-68817
66409
95817
45209
-2347
-4097
-715
38989
4939
9937
56579
88999
-3163
62449
272
-3158
5486
192
-89417
5685
29339
-50917
-2994
-47517
59049
81389
6224
-9711
21789
95399
93799
83989
12969
-8924
-45317
-2512
9541
65239
72679
3667
1969
97419
-6109
-1226
3825
30819
96809
10629
76129
982
5948
-259
3572
4959
-2312
4439
-30417
985
-1255
-7994
-6889
2468
842
3921
90309
-2668
69249
-8844
-4614
-3880
-5438
98217
83717
93919
3882
-7229
6582
4101
-75717
6007
-2926
5737
1769
99409
4608
-6333
-394
87949
62369
-8224
15559
74217
-55817
58529
298
23317
13899
49269
61019
9213
-1315
-91617
-7091
47909
8501
34159
97979
-9610
7017
67659
-6635
32799
76569
-4467
975
45219
54969
36539
-4545
-2546
-2209
3713
32929
41889
-4831
-41417
-43017
3274
1645
8125
66529
9652
88659
-6222
21079
-8985
852
1887
621
67119
74949
1393
4132
-1816
6394
7900
19839
-5507
58249
2739
-1515
1639
5649
30459
99059
9094
2639
-2237
-9506
59719
35629
-4499
25479
1031
-4425
7050
-90217
21817
-62917
8207
9414
43779
-46917
31669
-12217
86217
37639
-3628
1313
-35617
-5410
1623
86699
-713
-5272
4699
4272
-1842
75817
-2478
2497
3984
40917
522
52629
2110
75859
-11317
909
3169
5301
61919
47559
56059
6442
91039
-6012
-34817
92049
7725
1428
30049
-32217
-3485
5969
-6784
-3813
12869
-4312
955
-4252
-1184
6614
78639
-7157
41409
-31417
8274
39869
562
93899
-1419
56299
41317
-36617
17819
84599
57149
18917
-1072
1382
-6262
9799
39639
5147
-1795
2104
85717
89399
87899
56149
87409
-33117
1438
4248
-5713
-4978
76149
6955
-37017
-7567
-15117
34099
1806
16069
33739
12349
73449
-8622
-6353
38169
24217
-69517
-8998
88479
20089
1240
1484
59409
15669
6959
64829
-1578
-9106
82717
-14917
6919
7034
-2110
-5107
82039
21649
5824
5447
48409
-5169
3880
90917
10817
77919
9976
2905
-5493
32217
-3102
10249
82679
91049
94779
9271
-3815
-35117
11149
78817
-3966
-5326
54079
9030
7019
60089
-4458
-97917
80417
-2677
-3716
252
-89917
-6035
94479
-3922
5999
80017
25029
-9235
-9480
1109
64069
7280
-91217
45917
67449
81469
48959
46817
-7796
-35317
7957
82749
9977
82569
70999
-70217
16769
-9209
30117
50379
-8493
49569
26509
-3812
6097
83217
8215
94817
16449
7865
3499
82359
-58017
23319
3676
1939
-6812
22029
-1257
72517
32569
90619
53139
25849
5604
-87717
13529
88839
31817
66629
-3935
4827
38279
34539
-35217
-20617
65969
62219
68269
-2285
74969
32109
63979
70179
7696
-2235
61779
6599
93817
49389
-6830
71679
13299
68217
94717
87219
-3652
6053
78369
65717
-1026
655
-76817
-912
80889
90117
91839
68517
7619
-3670
-3030
59129
25149
2557
98917
90259
-8398
7009
60229
9998
9077
92349
-5159
32759
-6460
-41917
20789
18409
-53317
-9369
-9639
4244
-6085
16289
57
-22417
12639
37629
63417
2899
95119
7890
-7641
9245
-1573
70959
9147
26709
17579
1198
-796
50439
47817
69917
44049
58989
25
732
9847
58917
-95217
48989
92639
8341
50139
49417
3919
1159
3336
31417
1257
16317
37169
8952
-8592
80869
5763
1869
-6411
6820
7469
-5686
69019
6929
-3551
76529
70379
-92617
14517
70409
47617
6617
29069
1621
45817
780
26089
-3101
51569
20689
4840
49119
19429
636
-2904
63517
9686
24079
7234
-58617
9889
53459
-869
7374
-8886
526
6893
-3129
-8146
89817
67909
9753
52709
48717
-66517
7920
30649
-2714
-3384
5601
64169
-80517
5912
16617
97709
26499
37189
7908
-8982
5870
69859
65029
90949
6586
96189
87617
57169
81117
2099
99459
29019
50269
7689
17617
-5310
75469
4956
79089
5554
48049
44259
1222
96909
35517
3906
60199
50099
3842
2489
-39117
76049
48839
95279
64889
-7015
-3395
-43517
28889
66279
62759
-9303
86479
-61117
-9816
8347
65789
135
84449
5571
-11817
1612
14699
79579
-1108
76217
40899
38969
78059
-8968
1512
5613
58817
-8357
-73617
-1167
98909
93249
6489
27617
413
-76417
5458
86499
162
13359
871
1614
-4892
96939
65769
-6417
10417
-851
-5963
832
81639
473
-6996
6339
-74017
-5213
-81217
75029
-3110
9523
3298
89159
6460
6278
42317
68439
39259
40539
25117
4862
74719
-8071
6434
20617
-40317
-93717
-3037
55017
13439
932
10049
-3583
7713
92217
-1711
715
61789
-4423
-2236
-81617
2159
75729
-57317
38689
9973
-7734
179
-9349
82499
8774
77329
-7944
-3990
38449
-7666
-7539
-86117
4790
97689
54029
64849
-1194
69259
96539
26117
-13117
-36917
29939
-88117
-82217
16899
3416
-6705
-4613
-95617
66399
38517
-6112
-6512
-4009
10217
-7372
-758
28559
-5270
256
56517
-7266
-500
-90717
-68317
2281
71939
94699
-5194
4864
-73017
6965
12017
-5451
89017
-7745
52949
16117
-7634
-8012
-4359
45
-94917
-5594
32969
-3773
6542
-2762
8609
5710
74879
84489
-20117
7215
-3855
2482
4367
-6095
6218
90689
-8415
63869
1418
22617
6949
5781
-42017
-2889
-69817
7662
40419
66029
98289
41119
91817
89499
2483
97117
90369
3337
54919
6182
-4008
60879
91549
-66
11719
-39217
16199
-709
83889
57817
95729
37329
615
5837
4573
-27917
262
26217
953
24117
1690
-27617
-6946
-9894
38369
5273
72379
47829
535
6747
-105
42817
-45117
6078
-5515
60719
-8711
12539
937
4943
-1875
-3314
69189
90599
-8788
-9177
76419
45639
-2955
92359
8677
56789
-23817
83569
-9807
6309
56999
29689
27909
26299
-7018
77509
-3530
17017
-2320
-4082
-7919
-2775
-4518
-8215
9148
-1917
82669
4947
-6154
44999
-58417
226
79709
40139
-42417
9070
315
73139
3142
67959
-45617
79689
11259
60589
575
-8545
90017
9647
-623
45329
87529
-3584
57029
-9640
-1606
82089
42079
60917
-702
6667
19909
-3915
31759
-1671
9809
36469
19099
11239
-25517
79369
71359
45919
-7282
1908
-2784
5239
-30817
7996
96149
39279
1442
65917
53339
46889
22059
-8253
-6899
-6367
95659
8606
77
9650
83529
-2778
3018
-1550
5630
76789
-3362
50869
89769
-854
4390
94099
53517
71579
87859
38529
60999
40617
2934
4713
73189
70049
-92317
82159
13417
97619
-6259
82219
1141
64017
89217
72299
-7440
21859
6418
501
-6570
6228
-5007
10229
2095
75359
-74317
61917
74389
-4784
8301
-21917
37217
-3125
27217
31919
37039
-97717
63509
45619
-98817
34029
-87317
3865
68409
78799
58839
93229
62719
-8156
31179
4139
-1309
3613
70929
92669
78717
22649
21149
9664
48117
8949
7367
84509
28609
44419
-86217
-1692
12519
7664
93859
1499
48279
-35017
-7749
7804
68039
591
19849
15009
91029
47449
5238
8393
-7515
-6241
-6389
1827
9589
9798
96019
84459
9681
35679
57129
69989
-20317
-7149
85259
7474
90719
30829
-3728
-8686
-9998
8835
18689
105
-4514
-9499
92419
-6679
81899
-95417
53609
35549
5053
-2403
75139
7887
46309
77749
-83717
13179
61969
49139
24379
5598
-29317
94619
-2138
-2692
-3527
-46717
-7356
92039
42629
73559
-39617
8379
17329
-3941
-9390
92079
6499
49919
77099
76517
1312
7754
77499
1659
-8887
-5077
44589
-3290
4279
-2438
-2387
2651
64249
395
-3542
-454
-2891
3179
9547
98689
-7441
-2080
27929
33659
5636
86309
4212
6461
10609
5744
9724
56
18549
4001
-26617
67279
68629
16489
63189
-5883
54949
498
-3082
95909
8484
-48317
632
-9396
5465
91869
92889
15069
27899
-8315
91629
1209
90229
14929
2770
94417
4353
372
-4156
64929
28869
14619
-1653
51319
96969
-5731
-7387
-9119
-5199
20317
82517
-14517
6153
10709
6913
-5427
29017
2356
-4502
33539
22909
-36717
-1863
-5023
97439
67017
89299
83729
48129
-59017
-1489
66149
6613
76549
-10717
70019
94569
44769
-5061
148
-8409
2279
89959
42949
-94217
-90017
-51217
98929
76739
-93217
42009
-7121
52439
85949
259
27009
96289
96579
8438
-3058
-23117
-72117
-14817
37617
-4225
6934
-5857
-2424
-7131
1861
88717
98717
-3744
-24
69339
3357
90
-8712
-2316
2657
-5171
9068
1307
565
6178
4443
-6141
-90817
88909
40009
77479
69617
-97617
19899
3542
2127
-93017
-5305
93349
92399
-6268
-95
-8913
3867
90489
92117
93839
40829
7655
-9831
2179
9849
-26817
572
65117
39569
-9715
49217
-797
-1616
-23917
90649
7762
-28317
96517
22949
9944
4252
97817
68819
99519
-333
9429
3669
74117
-60617
95517
-4821
-1245
-6706
-8715
43869
4687
-5737
9038
91849
-59517
89659
-3217
42117
1723
-9280
40889
54917
5289
-5017
-97117
-26317
75299
27279
87669
5159
88739
98069
-3310
-6208
51959
51139
32717
78209
85117
822
255
-3373
-591
3255
3503
67617
75017
-1160
43349
64879
2939
577
42119
-83517
88219
1416
-2413
-2924
86629
-7318
225
-4343
56469
74769
17339
8066
-4132
6715
73579
52039
-75617
94999
-71517
50919
38079
58217
-6394
9061
24817
-87017
7919
-98117
75249
30209
12169
11069
94017
-1308
1826
8398
6522
3329
85699
-18917
-7214
-19717
23559
-1038
-3083
97539
34749
451
8424
92449
-24717
40169
12339
-296
82939
34049
-2585
35879
-57717
10069
-3348
79139
82017
53417
-2931
11419
-1022
7858
-59317
6313
9646
67399
20719
-14617
6845
7876
1213
143
1538
53569
568
96139
-83017
7028
72279
11599
435
1959
6175
15717
83079
61649
3716
-7719
1658
6768
-85517
81619
-95917
-6404
77517
94617
8119
2309
-93317
41917
-7577
54869
3110
4253
1679
-3115
6210
-7877
7236
-1208
10819
-78017
95139
75589
2606
48517
12229
-2256
8787
28059
65939
-80017
-15517
52417
7074
813
-20017
37717
40729
-1569
66939
18419
98409
13217
49599
-7613
50989
-3668
87717
20499
36517
-84217
-4683
70139
65059
59159
5652
92269
49899
33429
-9053
5194
94319
18529
69429
73419
2470
21709
92779
-7405
-6001
5682
90979
96559
1951
80589
28919
2467
3456
-3112
36817
7882
67839
-8334
52309
2089
2223
52279
62499
-59717
1409
-5581
-7442
41629
-9547
97239
14649
47009
-2187
-3091
8775
-36117
78039
24569
59759
43789
1357
18579
6021
84409
54929
2109
7579
2113
90099
-7766
2315
8547
6805
97017
7165
-3235
17629
5283
-72317
-4605
13609
16829
845
36409
319
7123
57717
84739
325
4100
4679
-63317
40417
39789
7231
82779
-20417
-4110
6271
27179
42739
80029
10909
67539
-755
-6130
63659
-9879
-8866
2232
4670
566
7115
1482
4750
80617
59609
-8577
95809
3834
66859
90199
93969
-85617
68109
-5962
5610
46417
8000
27517
-8557
13399
-7270
63299
77359
60379
-6498
90617
1669
-835
-65117
64119
-5535
48439
50817
7265
-9684
8435
7119
68417
2401
82859
-1812
2408
-1426
96469
21479
85459
-278
-9495
940
96499
-6648
-88217
1108
7025
1779
-8838
34019
-2811
94849
29917
77849
4325
81749
74039
30617
-49817
-9587
-8411
8480
-13017
86117
67229
-4746
49469
-8377
6606
2373
54529
97717
24979
1048
2052
41169
56639
-1413
43417
98589
78879
-1362
-403
666
9734
7720
99319
-9459
27589
-2202
-4875
72817
-77617
1911
6410
36417
70099
-2728
89579
7228
80369
25809
56139
51589
83709
14917
5779
97499
70817
6061
55999
12569
94349
55719
-8816
7834
16389
40517
7854
-6881
5389
15329
89417
2065
94609
6513
30717
3537
4011
-1416
-4346
40049
15809
2101
95617
22199
-5820
84049
713
-7706
8664
17909
4263
16959
20817
-9201
5927
76179
812
-9352
92119
-1215
8449
42659
39829
-44817
50089
21959
62617
-8742
35969
-9367
92
-7415
-5291
92929
30409
20439
9757
-1052
1176
-6380
90379
-4536
-9098
25899
43609
-59917
534
2413
87439
-6766
5833
28209
-88017
62217
71859
77679
24917
-8268
48417
72617
-8872
-1811
-48217
-47917
82189
90817
27499
-5053
-95117
-5045
18249
1177
-1656
52069
78989
21759
74199
85417
1940
84689
68489
50149
1212
51629
-76717
405
-7103
6892
85479
73417
7888
79559
77317
42099
24417
89189
69379
96849
16109
-1840
-7660
338
365
95869
2888
97149
46389
35639
450
-5762
17459
54719
-88517
96429
15039
5008
-3947
35869
-7643
77609
-9162
-6038
46229
-52
67089
6195
49999
-53817
-47217
31539
68579
4040
66617
11759
1229
4130
40689
36299
37817
-65
73779
67069
-9021
-9131
-36517
8650
8420
-6615
12829
8763
-14717
20289
85409
-64517
45249
-7176
50059
59229
604
29209
-59417
692
15739
1345
54309
82479
7148
-4567
55717
6011
2059
-79017
-7725
1518
-4072
1179
16479
33159
6503
4043
7070
46609
9629
-80317
432
-1938
47409
6643
9325
55759
26729
50739
36589
-1829
-9553
2103
2199
-3781
4719
-4213
7076
-6221
1813
70359
8770
24469
-4618
-58517
42059
-5065
-2939
3659
86919
-50117
-19317
4805
68669
27129
30709
9587
44809
19229
3453
44059
-5738
60249
3413
9434
-4113
8856
7928
37579
15369
-2916
-3413
84217
35469
4408
15679
23817
56217
32917
-54817
4189
-3369
41989
70529
53149
93819
-4740
-9512
-4212
8735
295
89559
-6306
65259
28019
-9109
-2589
5539
62099
84479
2628
8108
2864
555
-5979
-1964
45119
58117
35069
23017
275
-1855
4958
91917
20029
935
45259
41817
8050
-24917
-2063
-5018
-2013
15629
4890
40717
-18017
-8937
8283
-32917
-4442
51189
-7044
80009
89979
4591
72017
31469
465
-968
6129
3156
2769
-4006
-3796
585
-6183
5232
85999
67599
-6513
80139
6321
8513
5928
66717
39339
623
44009
815
-4676
80239
12279
24889
64629
44517
-2400
49429
73269
3369
26619
80249
-9414
165
10749
4455
-76317
331
1132
70879
-5378
-6608
-8513
3712
82979
