X Y
9,232505013 7,179569601
7,632279128 6,930118126
2,628906478 3,604022715
10,51960563 7,159146186
1,41319062 2,898078226
9,341279867 6,428640104
0,044242816 4,862643942
1,284300658 4,220925478
-0,18551334 4,496107564
10,63290513 7,79955302
10,57535679 7,590678877
8,288306874 8,663653863
10,81548367 9,26793336
0,310474592 2,205254954
1,579409666 3,802638185
9,98634804 6,715460739
-0,401971662 3,610706123
10,03034883 7,451311899
0,918336153 3,124398945
0,589667884 2,723349068
9,445910233 7,794589902
-0,051505423 2,842651869
9,880419897 8,236929024
-0,020223144 5,360586573
9,558655957 7,650453543
7,948663426 6,574044699
1,418616146 3,37535817
10,8330941 8,550595076
0,19498303 4,669734579
2,357255799 2,850127582
-0,473909089 2,580721993
0,139251523 2,126132377
0,131817621 3,33144167
9,345348666 8,581698964
2,095786605 3,267577316
0,241263271 2,962825484
0,995496177 1,950498776
1,467707853 2,840850372
-0,835257703 4,394381955
8,961652349 7,585921669
0,998547526 3,742858713
8,603353264 6,962626794
11,66711546 7,028534731
0,611032373 3,173969326
0,084694191 4,539568445
1,467698955 3,98628752
3,12580574 4,447142178
9,15994812 7,385857197
3,141910516 1,888985379
0,748507822 3,646853391
9,558855188 8,103147741
3,059558323 3,067679144
9,632945705 6,142902648
0,124881587 3,09220179
8,17547019 7,888094418
-0,565200268 2,364344456
7,388598453 6,797993219
8,156716315 9,684921479
1,614682967 3,396150632
9,250148811 9,101182986
8,766322844 8,407279562
-1,141131327 4,331505089
8,814917683 7,151645348
1,458312393 3,574600161
9,927427373 7,962836723
10,7846329 7,034472904
1,618284039 3,1675399
9,735163689 8,277712371
2,219988372 3,405460548
9,562197845 7,022168242
11,24099688 7,553431308
1,712483517 3,323279502
2,26695721 3,908532499
7,855425683 6,330097168
-1,544308459 3,668811415
9,242966625 7,763184092
9,738040574 6,800396005
-0,616557415 3,137596502
9,900963136 6,144799387
9,015834381 8,008907881
1,430087692 4,465239184
10,8360057 9,233842769
10,2374749 9,804940979
9,728919624 7,768143583
10,42181102 9,058692069
0,653431525 3,660208608
9,799573186 7,09758092
8,508553959 6,123773207
0,456868241 1,369156043
9,0434195 7,435773228
1,693530983 2,716406452
8,841484208 9,608837018
1,97071394 2,7872036
8,946788902 8,714267381
8,709515866 6,328515139
8,402780738 6,498016603
2,660453519 5,961079021
0,507823036 4,015425633
8,558289357 6,652723304
-1,025926324 2,439052246
