-6798
2573
9946
198
-5713
-1574
4239
-5463
7477
-6708
-9246
2971
933
-6990
-7311
-1604
-8691
-7230
1022
3717
4647
-8763
-3997
7475
6237
-9591
551
6009
3278
-1878
-1681
-4140
-4264
2757
9787
-9516
-9550
-6019
4193
-7890
-3909
7854
-2166
9981
1211
1115
-5502
-4225
-7940
-1365
-2484
-2745
5807
-5912
-9017
959
467
9434
7084
5700
977
-3205
4524
-9350
3391
-6851
9
1958
1144
-5443
-6145
5128
2775
-9586
9589
-6387
7955
144
5179
-1973
-7485
-8774
8286
-9258
9020
2361
1827
-4199
9379
-9609
3208
7576
2534
8616
3415
-615
-7884
-4475
-5236
-3365
